-58.388, 5.425, 100
-56.545, 6.202, 100
-54.702, 6.979, 100
-52.859, 7.757, 100
-51.017, 8.534, 100
-49.174, 9.312, 100
-47.331, 10.089, 100
-45.489, 10.866, 100
-43.646, 11.644, 98.947
-43.523, 13.302, 96.789
-43.996, 15.245, 97.187
-44.502, 17.18, 97.365
-45.036, 19.107, 97.683
-45.593, 21.028, 97.958
-46.172, 22.942, 98.082
-46.772, 24.85, 98.306
-47.389, 26.753, 98.408
-48.024, 28.649, 98.362
-48.671, 30.542, 95.745
-49.334, 32.429, 93.054
-50.007, 34.312, 90.284
-50.693, 36.191, 87.425
-51.388, 38.066, 84.47
-52.092, 39.938, 81.407
-52.805, 41.806, 78.225
-53.525, 43.672, 74.907
-54.253, 45.535, 71.436
-54.986, 47.396, 67.787
-55.725, 49.254, 63.931
-56.47, 51.111, 59.826
-57.218, 52.965, 55.418
-57.971, 54.818, 50.627
-58.727, 56.67, 45.333
-59.487, 58.52, 39.333
-60.248, 60.369, 32.235
-61.011, 62.218, 23.046
-61.542, 64.139, 5
-60.882, 65.866, 5
-58.932, 66.053, 65.171
-56.983, 65.619, 89.082
-55.097, 64.953, 93.158
-53.249, 64.191, 95.486
-51.426, 63.367, 96.907
-49.626, 62.496, 96.907
-47.842, 61.592, 97.822
-46.068, 60.668, 98.438
-44.302, 59.729, 98.871
-42.548, 58.769, 98.871
-40.798, 57.8, 99.184
-39.053, 56.823, 99.184
-37.314, 55.835, 99.419
-35.577, 54.844, 99.6
-33.845, 53.844, 99.6
-32.114, 52.842, 99.743
-30.386, 51.836, 99.743
-28.658, 50.828, 99.86
-26.933, 49.816, 99.86
-25.208, 48.804, 99.958
-23.484, 47.79, 99.958
-21.76, 46.776, 99.957
-20.037, 45.762, 99.957
-18.313, 44.747, 99.881
-16.589, 43.733, 99.881
-14.865, 42.72, 99.812
-13.139, 41.708, 99.812
-11.414, 40.697, 99.812
-9.686, 39.689, 99.746
-7.959, 38.682, 99.746
-6.229, 37.678, 99.682
-4.498, 36.675, 99.682
-2.766, 35.676, 99.618
-1.031, 34.68, 99.618
0.704, 33.686, 99.553
2.443, 32.698, 99.553
4.182, 31.711, 99.553
5.926, 30.731, 99.484
7.671, 29.753, 99.484
9.418, 28.781, 99.41
11.169, 27.815, 99.41
12.921, 26.85, 99.33
14.679, 25.896, 99.33
16.437, 24.943, 99.33
18.202, 24.001, 99.24
19.968, 23.062, 99.24
21.738, 22.131, 96.759
23.513, 21.209, 94.097
25.289, 20.29, 91.358
27.073, 19.387, 88.534
28.858, 18.484, 85.617
30.651, 17.599, 82.597
32.446, 16.717, 79.462
34.249, 15.85, 76.199
36.055, 14.992, 72.789
37.867, 14.144, 69.212
39.686, 13.313, 65.439
41.507, 12.488, 61.435
43.34, 11.687, 57.151
45.174, 10.888, 52.519
47.021, 10.122, 47.437
48.869, 9.356, 41.74
50.737, 8.852, 35.365
52.542, 9.683, 50.857
54.037, 11.001, 68.537
55.231, 12.602, 75.253
56.186, 14.358, 84.468
56.976, 16.194, 87.505
57.633, 18.082, 91.611
58.184, 20.005, 93
58.657, 21.948, 94.092
59.064, 23.906, 94.961
59.416, 25.874, 93.054
59.722, 27.851, 90.284
59.985, 29.833, 87.425
60.213, 31.82, 84.47
60.41, 33.811, 81.407
60.581, 35.803, 78.225
60.727, 37.798, 74.908
60.853, 39.794, 71.437
60.96, 41.791, 67.788
61.051, 43.789, 63.931
61.128, 45.788, 59.826
61.193, 47.786, 55.418
61.247, 49.786, 50.628
61.296, 51.785, 45.334
61.344, 53.785, 39.334
61.399, 55.784, 32.236
61.483, 57.782, 23.048
61.751, 59.757, 5
62.267, 58.069, 88.511
62.417, 56.075, 95.559
62.512, 54.078, 97.85
62.583, 52.079, 98.806
62.636, 50.079, 99.078
62.679, 48.08, 99.274
62.714, 46.08, 99.42
62.742, 44.08, 99.53
62.764, 42.081, 99.614
62.782, 40.081, 99.681
62.797, 38.081, 99.733
62.809, 36.081, 99.775
62.818, 34.081, 99.81
62.824, 32.081, 99.81
62.828, 30.081, 99.838
62.831, 28.081, 99.861
62.832, 26.081, 99.881
62.831, 24.081, 99.881
62.829, 22.081, 99.897
62.827, 20.081, 99.911
62.822, 18.081, 99.911
62.817, 16.081, 99.923
62.811, 14.081, 99.923
62.804, 12.081, 99.933
62.796, 10.081, 99.942
62.788, 8.081, 99.942
62.779, 6.081, 99.95
62.769, 4.081, 99.95
62.759, 2.081, 99.956
62.748, 0.081, 99.956
62.737, -1.919, 99.962
62.726, -3.919, 99.962
62.713, -5.919, 99.967
62.701, -7.919, 99.967
62.688, -9.919, 99.972
62.675, -11.919, 99.972
62.662, -13.919, 99.976
62.648, -15.919, 99.976
62.634, -17.919, 99.979
62.62, -19.919, 99.979
62.605, -21.919, 99.982
62.591, -23.919, 99.982
62.576, -25.918, 99.985
62.561, -27.918, 99.985
62.546, -29.918, 99.988
62.53, -31.918, 99.988
62.515, -33.918, 99.988
62.496, -35.918, 97.418
62.455, -37.918, 97.418
62.414, -39.917, 94.932
62.32, -41.915, 92.217
62.221, -43.913, 89.421
62.057, -45.906, 86.534
61.878, -47.898, 83.547
61.622, -49.881, 80.449
61.314, -51.857, 77.229
60.949, -53.823, 73.867
60.454, -55.761, 70.344
59.842, -57.663, 66.638
59.071, -59.506, 62.717
58.085, -61.241, 58.536
56.829, -62.789, 54.036
55.249, -64.002, 49.135
53.396, -64.727, 55.754
51.421, -64.996, 65.156
49.428, -64.877, 81.373
47.473, -64.457, 86.702
45.567, -63.855, 90.51
43.705, -63.124, 90.51
41.888, -62.288, 93.211
40.103, -61.386, 95.141
38.344, -60.436, 96.539
36.604, -59.45, 97.567
34.886, -58.426, 97.567
33.182, -57.379, 98.337
31.487, -56.318, 98.925
29.805, -55.236, 98.925
28.128, -54.146, 99.382
26.456, -53.047, 99.382
24.79, -51.942, 99.744
23.125, -50.833, 99.744
21.463, -49.721, 99.965
19.801, -48.609, 99.725
18.138, -47.497, 99.725
16.476, -46.385, 99.525
14.81, -45.278, 99.525
13.144, -44.171, 99.356
11.473, -43.073, 99.356
9.801, -41.975, 99.356
8.123, -40.888, 99.209
6.443, -39.802, 99.209
4.756, -38.727, 99.08
3.066, -37.657, 99.08
1.371, -36.596, 98.965
-0.33, -35.545, 98.965
-2.034, -34.498, 98.862
-3.749, -33.469, 98.862
-5.464, -32.44, 98.862
-7.191, -31.431, 98.767
-8.921, -30.427, 98.767
-10.657, -29.434, 98.68
-12.402, -28.458, 98.68
-14.148, -27.482, 98.68
-15.909, -26.534, 98.599
-17.672, -25.589, 98.599
-19.442, -24.657, 98.523
-21.222, -23.746, 98.523
-23.003, -22.835, 98.044
-24.798, -21.954, 95.418
-26.597, -21.08, 92.718
-28.398, -20.21, 89.937
-30.232, -19.428, 87.075
-32.179, -18.97, 84.108
-34.15, -18.639, 81.034
-36.141, -18.464, 77.838
-38.14, -18.476, 74.506
-40.119, -18.743, 71.02
-42.042, -19.283, 69.277
-43.848, -20.134, 69.453
-45.5, -21.256, 73.946
-46.95, -22.63, 77.023
-48.222, -24.171, 83.259
-49.326, -25.838, 86.054
-50.299, -27.584, 90.683
-51.159, -29.39, 92.533
-51.941, -31.231, 94.117
-52.662, -33.096, 96.038
-53.332, -34.98, 93.356
-53.972, -36.875, 90.594
-54.591, -38.777, 87.745
-55.2, -40.682, 84.801
-55.806, -42.588, 81.751
-56.415, -44.493, 78.583
-57.035, -46.395, 75.281
-57.67, -48.291, 71.828
-58.327, -50.18, 68.2
-59.009, -52.06, 64.368
-59.721, -53.929, 60.293
-60.467, -55.784, 55.923
-61.251, -57.624, 51.18
-62.075, -59.447, 45.95
-62.943, -61.248, 40.043
-63.856, -63.027, 33.098
-64.818, -64.78, 24.239
-65.988, -66.776, 0
-65.988, -66.776, 0
-76.098, -84.033, 0
endData
127
100
200
-58.388, 5.425, -50.788, 8.631, -50.788, 8.631, -43.187, 11.837
-43.187, 11.837, -46.275, 25.85, -53.282, 43.544, -61, 62.188
-61, 62.188, -68.719, 80.832, 0.276, 28.462, 50.389, 8.75
50.389, 8.75, 63.451, 11.362, 60.482, 58.506, 61.789, 59.813
61.789, 59.813, 63.095, 61.119, 62.976, 24.9, 62.501, -35.663
62.501, -35.663, 62.026, -96.227, 33.763, -48.964, -29.887, -19.513
-29.887, -19.513, -55.775, -12.388, -50.669, -41.838, -65.988, -66.776
#PATH.JERRYIO-DATA {"appVersion":"0.8.3","format":"LemLib v0.5","gc":{"robotWidth":13.5,"robotHeight":14,"robotIsHolonomic":false,"showRobot":false,"uol":2.54,"pointDensity":2,"controlMagnetDistance":1.968503937007874,"fieldImage":{"displayName":"V5RC 2025 - High Stakes (Skills)","signature":"V5RC 2025 - High Stakes (Skills)","origin":{"__type":"built-in"}},"coordinateSystem":"VEX Gaming Positioning System"},"paths":[{"segments":[{"controls":[{"uid":"HSCyGvZTOv","x":-58.38763925762222,"y":5.424559390839949,"lock":false,"visible":true,"heading":90,"__type":"end-point"},{"uid":"hMbKjDGgzQ","x":-43.18747283845601,"y":11.837129598925696,"lock":false,"visible":true,"heading":0,"__type":"end-point"}],"speedProfiles":[],"lookaheadKeyframes":[],"uid":"VbfETVwUd8"},{"controls":[{"uid":"hMbKjDGgzQ","x":-43.18747283845601,"y":11.837129598925696,"lock":false,"visible":true,"heading":0,"__type":"end-point"},{"uid":"DEcaGY2js6","x":-46.27500664234915,"y":25.849783016594547,"lock":false,"visible":true,"__type":"control"},{"uid":"dCY17nmgEK","x":-53.28151161329787,"y":43.54389980042057,"lock":false,"visible":true,"__type":"control"},{"uid":"B44fduqcjt","x":-61.00016786091641,"y":62.18768086241377,"lock":false,"visible":true,"heading":340,"__type":"end-point"}],"speedProfiles":[],"lookaheadKeyframes":[],"uid":"lEaGAEfAMh"},{"controls":[{"uid":"B44fduqcjt","x":-61.00016786091641,"y":62.18768086241377,"lock":false,"visible":true,"heading":340,"__type":"end-point"},{"uid":"1gShBTiyLs","x":-68.71918063276351,"y":80.83180804743768,"lock":false,"visible":true,"__type":"control"},{"uid":"EBD2CE6E5g","x":0.2755030163473755,"y":28.46231161988873,"lock":false,"visible":true,"__type":"control"},{"uid":"HqiUAocaHP","x":50.388551679535986,"y":8.749595795032558,"lock":false,"visible":true,"heading":0,"__type":"end-point"}],"speedProfiles":[],"lookaheadKeyframes":[],"uid":"0HMxtGuREz"},{"controls":[{"uid":"HqiUAocaHP","x":50.388551679535986,"y":8.749595795032558,"lock":false,"visible":true,"heading":0,"__type":"end-point"},{"uid":"zQH2gSxDR3","x":63.45119469600695,"y":11.36212439832675,"lock":false,"visible":true,"__type":"control"},{"uid":"gurOkxMDxC","x":60.482412192263546,"y":58.50639055777195,"lock":false,"visible":true,"__type":"control"},{"uid":"SVh0ymV76j","x":61.78867649391064,"y":59.812654859419055,"lock":false,"visible":true,"heading":0,"__type":"end-point"}],"speedProfiles":[],"lookaheadKeyframes":[],"uid":"RvFTowq3tZ"},{"controls":[{"uid":"SVh0ymV76j","x":61.78867649391064,"y":59.812654859419055,"lock":false,"visible":true,"heading":0,"__type":"end-point"},{"uid":"tds3vuhHSs","x":63.09494079555774,"y":61.11891916106616,"lock":false,"visible":true,"__type":"control"},{"uid":"iOwlTm0XIk","x":62.976189495408,"y":24.899772615396657,"lock":false,"visible":true,"__type":"control"},{"uid":"vyWTN2XeP3","x":62.501184294809065,"y":-35.66339046096872,"lock":false,"visible":true,"heading":0,"__type":"end-point"}],"speedProfiles":[],"lookaheadKeyframes":[],"uid":"p1YUSS6siG"},{"controls":[{"uid":"vyWTN2XeP3","x":62.501184294809065,"y":-35.66339046096872,"lock":false,"visible":true,"heading":0,"__type":"end-point"},{"uid":"0ab67eiJcK","x":62.02617909421012,"y":-96.22655353733418,"lock":false,"visible":true,"__type":"control"},{"uid":"kkQRdy6RUJ","x":33.763369658572984,"y":-48.96353607773914,"lock":false,"visible":true,"__type":"control"},{"uid":"t85GvSprc3","x":-29.887327221685574,"y":-19.51321364060462,"lock":false,"visible":true,"heading":0,"__type":"end-point"}],"speedProfiles":[],"lookaheadKeyframes":[],"uid":"jpYcnQkbVO"},{"controls":[{"uid":"t85GvSprc3","x":-29.887327221685574,"y":-19.51321364060462,"lock":false,"visible":true,"heading":0,"__type":"end-point"},{"uid":"RieRpK7RG5","x":-55.775110654328024,"y":-12.388135631620456,"lock":false,"visible":true,"__type":"control"},{"uid":"6vyeyqMMF1","x":-50.66880474788938,"y":-41.83845806875499,"lock":false,"visible":true,"__type":"control"},{"uid":"79mR63gxZn","x":-65.98772246720533,"y":-66.77623110019955,"lock":false,"visible":true,"heading":0,"__type":"end-point"}],"speedProfiles":[],"lookaheadKeyframes":[],"uid":"DozYKkBorS"}],"pc":{"speedLimit":{"minLimit":{"value":0,"label":"0"},"maxLimit":{"value":127,"label":"127"},"step":1,"from":5,"to":100},"bentRateApplicableRange":{"minLimit":{"value":0,"label":"0"},"maxLimit":{"value":1,"label":"1"},"step":0.001,"from":0,"to":0.1},"maxDecelerationRate":127},"name":"Path","uid":"73125ZkMBN","lock":false,"visible":true}]}